62 159
0 10 0.464501221 0.059350519
0 14 0.790557712 0.948380473
0 15 0.241670399 0.891039501
0 40 0.161574012 0.162689237
0 42 0.038234742 0.088206391
0 47 0.744408305 0.209192064
1 17 0.999992947 0.967228782
1 19 0.369306969 0.513158363
1 26 0.657218245 0.78533094
1 27 0.787643127 0.769174463
1 28 0.277505143 0.222810719
1 36 0.090898399 0.962876253
1 41 0.099626207 0.481284366
1 54 0.797659922 0.63686726
2 10 0.910334473 0.915960305
2 42 0.346528878 0.941807051
2 44 0.24239407 0.689522103
2 61 0.030019694 0.064052861
3 8 0.658791375 0.014907478
3 14 0.358772772 0.895910625
3 59 0.210495578 0.99760437
4 51 0.016800902 0.805139274
5 9 0.627296851 0.203369747
5 13 0.977366721 0.660642149
5 56 0.273323129 0.379573545
5 57 0.09679571 0.455915635
6 9 0.214449907 0.324475754
6 13 0.559135825 0.71392096
6 17 0.145433108 0.58493788
6 54 0.788378827 0.446441745
6 56 0.958962875 0.206601698
6 57 0.646934985 0.952116668
7 19 0.122431675 0.619898345
7 27 0.411908389 0.906522424
7 30 0.420039057 0.867470465
7 40 0.314359492 0.912355588
7 54 0.478287938 0.016463876
8 20 0.743569404 0.055587301
8 28 0.792466856 0.226061697
8 37 0.807837554 0.426753059
8 45 0.807088978 0.935290999
8 59 0.260664068 0.918533234
9 13 0.267287515 0.743802897
9 17 0.80636178 0.934680956
9 32 0.267576928 0.856132825
9 41 0.711858782 0.988526183
9 57 0.650320948 0.855864102
10 29 0.290886414 0.228123156
10 42 0.354963234 0.683272189
10 47 0.768570475 0.978280736
11 51 0.345997012 0.16919696
12 33 0.629905131 0.368297086
13 17 0.229550747 0.846663068
13 32 0.480666341 0.638749811
13 41 0.393170493 0.690347859
13 54 0.766294173 0.644552073
13 57 0.059492943 0.84206448
14 16 0.563001358 0.693240297
14 24 0.113832945 0.187605725
14 33 0.05149924 0.039830347
14 34 0.772626337 0.116037573
14 37 0.010394284 0.607073982
14 38 0.278678302 0.809270456
14 40 0.153442214 0.555773179
14 43 0.248088133 0.354473345
14 50 0.507021208 0.936459902
14 52 0.686638702 0.368177233
15 18 0.960064936 0.161235883
15 24 0.436606693 0.884968904
15 40 0.194468174 0.806175697
15 45 0.233084164 0.858639512
15 55 0.445972128 0.136335866
15 59 0.574126042 0.630332015
16 20 0.520048262 0.764070397
16 33 0.487275972 0.489205132
16 37 0.9794528 0.148347087
16 38 0.985475034 0.716898992
16 50 0.246319452 0.947740252
17 22 0.183539004 0.643430485
17 25 0.964936601 0.597951958
17 27 0.357493298 0.87653524
17 31 0.843263144 0.860995112
17 57 0.104388416 0.550294496
18 20 0.833322097 0.964553826
18 21 0.25164037 0.211749186
18 24 0.87048398 0.971328862
18 29 0.619658874 0.181236082
18 45 0.195591547 0.281654411
18 51 0.998379371 0.432936824
19 30 0.187178588 0.84140118
19 54 0.433573412 0.461092767
20 28 0.400049359 0.382258643
20 36 0.432278954 0.223823498
20 38 0.980024961 0.085062752
20 44 0.926818345 0.386113584
20 47 0.878987455 0.364849164
20 50 0.194376092 0.081725761
21 29 0.976621198 0.205251923
21 33 0.570031775 0.182975527
21 37 0.088289121 0.454173286
21 45 0.074557114 0.184007861
21 51 0.850060425 0.922638026
23 36 0.788450841 0.935098227
23 45 0.384281778 0.339864445
23 51 0.583420544 0.431929433
24 29 0.751074657 0.311744432
24 45 0.0135796 0.038218679
24 51 0.28353119 0.571605109
25 26 0.948165722 0.744117769
25 27 0.900089212 0.430406082
26 27 0.481857795 0.55119047
28 30 0.969462874 0.082588261
28 47 0.724568004 0.517421148
29 35 0.762687847 0.337987228
29 43 0.716961288 0.202656517
29 45 0.998859942 0.010932563
29 51 0.099330412 0.587044352
29 52 0.037349761 0.438936588
30 42 0.567715032 0.917029672
30 47 0.508270324 0.116081404
32 60 0.685565802 0.115721984
33 34 0.533963305 0.358485429
33 37 0.173412458 0.572982777
33 38 0.16549839 0.995316995
33 40 0.150113291 0.525516858
33 43 0.316069749 0.770388594
33 50 0.635936696 0.61203897
34 37 0.815563087 0.103681376
34 44 0.695176027 0.400518057
34 49 0.085584502 0.563790869
36 37 0.33034195 0.072652597
36 39 0.492351345 0.291833165
36 40 0.441950561 0.017876543
36 59 0.401569707 0.222072111
37 40 0.619555629 0.593913508
37 43 0.839372521 0.709856307
37 45 0.700618187 0.478678115
37 61 0.860466945 0.262184741
38 43 0.001320842 0.664809911
38 44 0.256348438 0.380802279
38 52 0.397143482 0.409981686
38 58 0.091037477 0.243299045
39 57 0.587638877 0.058288296
40 52 0.985895747 0.633077904
41 54 0.226738075 0.716190571
41 57 0.7351024 0.642336255
42 47 0.780886952 0.131967388
42 50 0.110423038 0.051841235
43 46 0.006229036 0.161476109
43 53 0.109963967 0.109628636
45 50 0.277256286 0.639576993
45 51 0.929502523 0.195430131
45 59 0.928610988 0.833115885
46 49 0.476684185 0.534036528
48 57 0.666635247 0.463971355
50 51 0.191896835 0.891526005
51 55 0.651574582 0.492454936
53 61 0.628915686 0.436055091
54 57 0.591597948 0.404088014
