16 58
0 1 0.1313 0.2942
0 2 0.9582 0.2251
0 3 0.5564 0.4754
0 4 0.8255 0.3153
0 5 0.477 0.3795
0 11 0.1084 0.6322
0 14 0.677 0.4634
0 15 0.4508 0.2407
1 2 0.5059 0.7186
1 4 0.1741 0.4732
1 5 0.9614 0.1643
1 8 0.3916 0.8327
1 9 0.1159 0.969
1 14 0.4909 0.3033
1 15 0.4058 0.0286
2 3 0.407 0.5074
2 5 0.4674 0.0811
2 6 0.2644 0.0126
2 7 0.1829 0.7707
3 7 0.7796 0.4003
4 6 0.6325 0.961
4 8 0.0157 0.995
4 13 0.136 0.5349
4 14 0.2908 0.5839
4 15 0.714 0.3269
5 6 0.5181 0.818
5 7 0.4425 0.824
5 8 0.426 0.905
5 10 0.0185 0.6265
5 11 0.1168 0.2451
5 12 0.2897 0.3623
5 15 0.6252 0.3307
6 7 0.324 0.9576
6 10 0.3871 0.5914
6 11 0.003 0.1765
6 12 0.7144 0.8393
7 10 0.406 0.4039
7 11 0.4073 0.5375
7 13 0.8958 0.3047
8 9 0.5891 0.0912
8 10 0.9304 0.7935
8 12 0.0191 0.9825
8 14 0.606 0.0268
9 10 0.9553 0.8035
9 12 0.1873 0.4339
9 14 0.2636 0.3911
10 11 0.1733 0.6321
10 12 0.0428 0.67
10 14 0.936 0.2814
10 15 0.8219 0.2538
11 13 0.4978 0.8791
11 14 0.0136 0.2964
11 15 0.0733 0.0014
12 13 0.3276 0.1586
12 14 0.5135 0.199
12 15 0.5314 0.5738
13 15 0.5069 0.9617
14 15 0.1061 0.5718
