27 111
0 1 0.8467 0.1533
0 2 0.4449 0.5551
0 3 0.2459 0.7541
0 4 0.7976 0.2024
0 5 0.6058 0.3942
0 6 0.8025 0.1975
0 7 0.2983 0.7017
0 8 0.3837 0.6163
0 9 0.5616 0.4384
0 10 0.5627 0.4373
0 11 0.9804 0.0196
0 12 0.8928 0.1072
0 13 0.8566 0.1434
1 2 0.3959 0.6041
1 3 0.9535 0.0465
1 5 0.8014 0.1986
1 6 0.6808 0.3192
1 7 0.5986 0.4014
1 8 0.1301 0.8699
1 9 0.9715 0.0285
1 10 0.7944 0.2056
1 11 0.3215 0.6785
1 12 0.2839 0.7161
1 13 0.0173 0.9827
1 14 0.0513 0.9487
2 3 0.0057 0.9943
2 5 0.8567 0.1433
2 6 0.9893 0.0107
2 7 0.6568 0.3432
2 8 0.5512 0.4488
2 9 0.9746 0.0254
2 10 0.4441 0.5559
2 11 0.1579 0.8421
2 12 0.6006 0.3994
2 13 0.5274 0.4726
2 14 0.0908 0.9092
3 4 0.5304 0.4696
3 5 0.6035 0.3965
3 6 0.7741 0.2259
3 7 0.6176 0.3824
3 8 0.8215 0.1785
3 9 0.3157 0.6843
3 10 0.9869 0.0131
3 11 0.9879 0.0121
3 13 0.7715 0.2285
3 14 0.5253 0.4747
4 7 0.1236 0.8764
5 6 0.185 0.815
5 7 0.701 0.299
5 8 0.3203 0.6797
5 9 0.8023 0.1977
5 10 0.9109 0.0891
5 11 0.369 0.631
5 12 0.776 0.224
5 14 0.2545 0.7455
6 8 0.1662 0.8338
6 9 0.0608 0.9392
6 10 0.9988 0.0012
6 11 0.5191 0.4809
6 12 0.1675 0.8325
6 13 0.3466 0.6534
6 14 0.7215 0.2785
7 8 0.9947 0.0053
7 9 0.3073 0.6927
7 10 0.638 0.362
7 11 0.6975 0.3025
7 12 0.9987 0.0013
7 13 0.9525 0.0475
7 14 0.2598 0.7402
8 9 0.2017 0.7983
8 10 0.6746 0.3254
8 11 0.2738 0.7262
8 12 0.8775 0.1225
8 13 0.0643 0.9357
8 14 0.1878 0.8122
9 10 0.1798 0.8202
9 11 0.6594 0.3406
9 12 0.7829 0.2171
9 14 0.5344 0.4656
9 15 0.7735 0.2265
10 11 0.9272 0.0728
10 12 0.2086 0.7914
10 13 0.7792 0.2208
10 14 0.8605 0.1395
11 12 0.0622 0.9378
11 13 0.9043 0.0957
11 14 0.6658 0.3342
12 14 0.3552 0.6448
12 16 0.1187 0.8813
12 21 0.6843 0.3157
12 22 0.6165 0.3835
13 14 0.3599 0.6401
13 15 0.4791 0.5209
15 16 0.4922 0.5078
15 17 0.8891 0.1109
15 18 0.8381 0.1619
15 19 0.9522 0.0478
15 20 0.3167 0.6833
16 17 0.3812 0.6188
16 21 0.8732 0.1268
16 22 0.9811 0.0189
18 19 0.3891 0.6109
18 20 0.5487 0.4513
19 20 0.05 0.95
21 22 0.8533 0.1467
23 24 0.2418 0.7582
23 25 0.6548 0.3452
23 26 0.7777 0.2223
24 25 0.7539 0.2461
24 26 0.3278 0.6722
25 26 0.8956 0.1044
