62 159
0 10 0.9842 0.0158
0 14 0.4043 0.5957
0 15 0.8476 0.1524
0 40 0.2081 0.7919
0 42 0.8926 0.1074
0 47 0.6605 0.3395
1 17 0.1701 0.8299
1 19 0.7951 0.2049
1 26 0.8874 0.1126
1 27 0.5601 0.4399
1 28 0.0709 0.9291
1 36 0.614 0.386
1 41 0.4056 0.5944
1 54 0.7908 0.2092
2 10 0.5677 0.4323
2 42 0.2884 0.7116
2 44 0.8788 0.1212
2 61 0.4267 0.5733
3 8 0.3949 0.6051
3 14 0.5365 0.4635
3 59 0.4839 0.5161
4 51 0.0426 0.9574
5 9 0.7105 0.2895
5 13 0.498 0.502
5 56 0.8692 0.1308
5 57 0.6842 0.3158
6 9 0.9548 0.0452
6 13 0.8918 0.1082
6 17 0.1429 0.8571
6 54 0.3766 0.6234
6 56 0.5792 0.4208
6 57 0.7075 0.2925
7 19 0.4816 0.5184
7 27 0.0911 0.9089
7 30 0.6369 0.3631
7 40 0.9176 0.0824
7 54 0.4128 0.5872
8 20 0.2886 0.7114
8 28 0.3221 0.6779
8 37 0.8717 0.1283
8 45 0.0039 0.9961
8 59 0.5984 0.4016
9 13 0.7196 0.2804
9 17 0.5931 0.4069
9 32 0.7999 0.2001
9 41 0.1974 0.8026
9 57 0.6702 0.3298
10 29 0.2588 0.7412
10 42 0.2118 0.7882
10 47 0.3398 0.6602
11 51 0.2709 0.7291
12 33 0.7068 0.2932
13 17 0.09 0.91
13 32 0.706 0.294
13 41 0.1321 0.8679
13 54 0.3487 0.6513
13 57 0.1505 0.8495
14 16 0.87 0.13
14 24 0.9387 0.0613
14 33 0.1585 0.8415
14 34 0.9646 0.0354
14 37 0.2999 0.7001
14 38 0.4264 0.5736
14 40 0.0963 0.9037
14 43 0.3966 0.6034
14 50 0.4032 0.5968
14 52 0.9958 0.0042
15 18 0.5814 0.4186
15 24 0.58 0.42
15 40 0.0079 0.9921
15 45 0.8245 0.1755
15 55 0.8937 0.1063
15 59 0.0436 0.9564
16 20 0.988 0.012
16 33 0.655 0.345
16 37 0.7022 0.2978
16 38 0.9396 0.0604
16 50 0.7439 0.2561
17 22 0.2239 0.7761
17 25 0.5566 0.4434
17 27 0.4879 0.5121
17 31 0.1647 0.8353
17 57 0.578 0.422
18 20 0.2078 0.7922
18 21 0.8391 0.1609
18 24 0.0749 0.9251
18 29 0.3914 0.6086
18 45 0.196 0.804
18 51 0.7373 0.2627
19 30 0.4926 0.5074
19 54 0.8243 0.1757
20 28 0.2918 0.7082
20 36 0.1068 0.8932
20 38 0.8514 0.1486
20 44 0.8267 0.1733
20 47 0.518 0.482
20 50 0.186 0.814
21 29 0.783 0.217
21 33 0.448 0.552
21 37 0.3969 0.6031
21 45 0.0201 0.9799
21 51 0.5336 0.4664
23 36 0.6847 0.3153
23 45 0.9262 0.0738
23 51 0.0653 0.9347
24 29 0.1929 0.8071
24 45 0.113 0.887
24 51 0.6271 0.3729
25 26 0.9394 0.0606
25 27 0.1506 0.8494
26 27 0.0831 0.9169
28 30 0.0652 0.9348
28 47 0.7988 0.2012
29 35 0.1136 0.8864
29 43 0.4925 0.5075
29 45 0.0334 0.9666
29 51 0.5413 0.4587
29 52 0.7176 0.2824
30 42 0.6705 0.3295
30 47 0.9701 0.0299
32 60 0.8318 0.1682
33 34 0.161 0.839
33 37 0.7097 0.2903
33 38 0.3494 0.6506
33 40 0.6085 0.3915
33 43 0.4328 0.5672
33 50 0.3678 0.6322
34 37 0.132 0.868
34 44 0.6247 0.3753
34 49 0.9895 0.0105
36 37 0.0456 0.9544
36 39 0.6773 0.3227
36 40 0.4031 0.5969
36 59 0.233 0.767
37 40 0.2848 0.7152
37 43 0.9901 0.0099
37 45 0.708 0.292
37 61 0.3835 0.6165
38 43 0.3551 0.6449
38 44 0.6157 0.3843
38 52 0.0345 0.9655
38 58 0.342 0.658
39 57 0.3785 0.6215
40 52 0.3036 0.6964
41 54 0.0521 0.9479
41 57 0.5888 0.4112
42 47 0.1589 0.8411
42 50 0.864 0.136
43 46 0.7668 0.2332
43 53 0.9601 0.0399
45 50 0.9789 0.0211
45 51 0.3727 0.6273
45 59 0.0958 0.9042
46 49 0.9482 0.0518
48 57 0.7839 0.2161
50 51 0.9487 0.0513
51 55 0.3359 0.6641
53 61 0.7192 0.2808
54 57 0.4186 0.5814
