49 107
0 1 0.3229 0.6771
0 2 0.6378 0.3622
0 3 0.9127 0.0873
0 4 0.7472 0.2528
1 2 0.5999 0.4001
2 4 0.9703 0.0297
2 30 0.4854 0.5146
2 31 0.0532 0.9468
3 4 0.472 0.528
4 26 0.8335 0.1665
5 3 0.2317 0.7683
5 4 0.3532 0.6468
5 6 0.398 0.602
5 7 0.5186 0.4814
5 8 0.8308 0.1692
5 9 0.1937 0.8063
6 3 0.498 0.502
6 9 0.5507 0.4493
7 4 0.3609 0.6391
7 8 0.8247 0.1753
7 18 0.9486 0.0514
8 9 0.5841 0.4159
10 11 0.1311 0.8689
10 12 0.2959 0.7041
10 13 0.4478 0.5522
10 14 0.8388 0.1612
11 13 0.8164 0.1836
11 15 0.0051 0.9949
12 8 0.2235 0.7765
12 9 0.9283 0.0717
13 14 0.3308 0.6692
13 15 0.959 0.041
14 19 0.1531 0.8469
15 39 0.5298 0.4702
16 8 0.4234 0.5766
16 12 0.9253 0.0747
16 14 0.2694 0.7306
16 17 0.1568 0.8432
16 18 0.976 0.024
16 19 0.5983 0.4017
17 7 0.6385 0.3615
17 8 0.2716 0.7284
17 18 0.5017 0.4983
18 19 0.7816 0.2184
18 35 0.4371 0.5629
20 21 0.1057 0.8943
20 22 0.9707 0.0293
20 23 0.9045 0.0955
21 22 0.8683 0.1317
21 23 0.1761 0.8239
21 45 0.8472 0.1528
21 46 0.0041 0.9959
22 29 0.1152 0.8848
22 46 0.3059 0.6941
24 25 0.7521 0.2479
24 26 0.8058 0.1942
25 26 0.5848 0.4152
25 29 0.6536 0.3464
25 44 0.9527 0.0473
26 44 0.6891 0.3109
27 25 0.3965 0.6035
27 28 0.2417 0.7583
27 29 0.9124 0.0876
28 22 0.9731 0.0269
28 29 0.9898 0.0102
29 44 0.0042 0.9958
30 4 0.8678 0.1322
30 26 0.1437 0.8563
30 31 0.7696 0.2304
32 7 0.146 0.854
32 18 0.6983 0.3017
32 33 0.065 0.935
32 34 0.8267 0.1733
32 35 0.6126 0.3874
32 36 0.8532 0.1468
33 7 0.0331 0.9669
33 36 0.3737 0.6263
33 40 0.1886 0.8114
33 41 0.0438 0.9562
34 35 0.9473 0.0527
34 36 0.3181 0.6819
34 48 0.098 0.902
35 19 0.4229 0.5771
37 13 0.9199 0.0801
37 14 0.7228 0.2772
37 15 0.4219 0.5781
37 19 0.8025 0.1975
37 38 0.0619 0.9381
37 39 0.243 0.757
38 19 0.6622 0.3378
38 35 0.8608 0.1392
38 48 0.0423 0.9577
40 41 0.7124 0.2876
40 42 0.1837 0.8163
40 43 0.8763 0.1237
41 4 0.455 0.545
41 7 0.3894 0.6106
41 26 0.7626 0.2374
41 43 0.5049 0.4951
41 44 0.7751 0.2249
42 36 0.9038 0.0962
42 43 0.6301 0.3699
43 29 0.3058 0.6942
43 44 0.1604 0.8396
45 46 0.8193 0.1807
47 45 0.7866 0.2134
48 35 0.6914 0.3086
