34 78
0 1 0.994468076 0.224671672
0 2 0.872199316 0.599837892
0 3 0.499757693 0.546310485
0 4 0.544490529 0.609842599
0 5 0.382024603 0.129378072
0 6 0.068813494 0.921256166
0 7 0.478039471 0.355902216
0 8 0.996609132 0.136600077
0 10 0.200572618 0.971028219
0 11 0.520199722 0.184325321
0 12 0.785315077 0.729706543
0 13 0.58642336 0.880248274
0 17 0.401615266 0.934902123
0 19 0.276647476 0.497864788
0 21 0.235428793 0.187492129
0 31 0.889701479 0.430037184
1 2 0.715681573 0.61873314
1 3 0.700099566 0.257445994
1 7 0.252732175 0.460864012
1 13 0.542942118 0.432300634
1 17 0.309882335 0.554412646
1 19 0.383136042 0.326228641
1 21 0.922932973 0.272633568
1 30 0.986237187 0.517041313
2 3 0.504584598 0.603868699
2 7 0.961857268 0.535349771
2 8 0.413400432 0.759596721
2 9 0.043628079 0.924521379
2 13 0.151013562 0.239279882
2 27 0.97767072 0.670612134
2 28 0.06240708 0.161373083
2 32 0.200308301 0.799851217
3 7 0.827698985 0.429958529
3 12 0.564395085 0.723353125
3 13 0.828228183 0.304875021
4 6 0.643129803 0.876810017
4 10 0.267998045 0.757899363
5 6 0.009393628 0.534769859
5 10 0.546947629 0.209434445
5 16 0.815118183 0.033391993
6 16 0.286672466 0.916678525
8 30 0.56424178 0.367453649
8 32 0.77191445 0.987781156
8 33 0.826889255 0.260319668
9 33 0.642880014 0.018801717
13 33 0.845637279 0.384393188
14 32 0.005638729 0.346989055
14 33 0.403175034 0.875139425
15 32 0.688165198 0.773373708
15 33 0.561990434 0.175650077
18 32 0.913328553 0.258473012
18 33 0.472221979 0.192203856
19 33 0.413953055 0.332070038
20 32 0.110716661 0.307970609
20 33 0.116869966 0.127748402
22 32 0.082704959 0.471663434
22 33 0.465084102 0.859193518
23 25 0.334008921 0.777803041
23 27 0.492992366 0.968367787
23 29 0.401894995 0.789564516
23 32 0.238141655 0.351259151
23 33 0.465392157 0.409721999
24 25 0.342936335 0.916220744
24 27 0.001493105 0.685884999
24 31 0.621205463 0.698780561
25 31 0.528034898 0.004021793
26 29 0.309167827 0.726629346
26 33 0.49800859 0.418342876
27 33 0.423349118 0.929033834
28 31 0.664699766 0.136128937
28 33 0.699995244 0.299512154
29 32 0.874468733 0.202352788
29 33 0.82237413 0.336591785
30 32 0.656749146 0.584262707
30 33 0.829609755 0.866000136
31 32 0.803565105 0.679750865
31 33 0.148215115 0.482250731
32 33 0.958142628 0.892713544
