34 78
0 1 0.6901 0.3099
0 2 0.7573 0.2427
0 3 0.2042 0.7958
0 4 0.439 0.561
0 5 0.6787 0.3213
0 6 0.7195 0.2805
0 7 0.2242 0.7758
0 8 0.4869 0.5131
0 10 0.7405 0.2595
0 11 0.7283 0.2717
0 12 0.6918 0.3082
0 13 0.6458 0.3542
0 17 0.3342 0.6658
0 19 0.8737 0.1263
0 21 0.94 0.06
0 31 0.4297 0.5703
1 2 0.274 0.726
1 3 0.3771 0.6229
1 7 0.7435 0.2565
1 13 0.1245 0.8755
1 17 0.1812 0.8188
1 19 0.217 0.783
1 21 0.2497 0.7503
1 30 0.6051 0.3949
2 3 0.2162 0.7838
2 7 0.7233 0.2767
2 8 0.0006 0.9994
2 9 0.2894 0.7106
2 13 0.7745 0.2255
2 27 0.3182 0.6818
2 28 0.8884 0.1116
2 32 0.1051 0.8949
3 7 0.5597 0.4403
3 12 0.2425 0.7575
3 13 0.2152 0.7848
4 6 0.9718 0.0282
4 10 0.7436 0.2564
5 6 0.7574 0.2426
5 10 0.2206 0.7794
5 16 0.1529 0.8471
6 16 0.6627 0.3373
8 30 0.2172 0.7828
8 32 0.8153 0.1847
8 33 0.1109 0.8891
9 33 0.0496 0.9504
13 33 0.7735 0.2265
14 32 0.8913 0.1087
14 33 0.2925 0.7075
15 32 0.5815 0.4185
15 33 0.7368 0.2632
18 32 0.2703 0.7297
18 33 0.8596 0.1404
19 33 0.4785 0.5215
20 32 0.6873 0.3127
20 33 0.5383 0.4617
22 32 0.0968 0.9032
22 33 0.8745 0.1255
23 25 0.9981 0.0019
23 27 0.6763 0.3237
23 29 0.5833 0.4167
23 32 0.9617 0.0383
23 33 0.2002 0.7998
24 25 0.806 0.194
24 27 0.876 0.124
24 31 0.4235 0.5765
25 31 0.7852 0.2148
26 29 0.0667 0.9333
26 33 0.3943 0.6057
27 33 0.9393 0.0607
28 31 0.5798 0.4202
28 33 0.5025 0.4975
29 32 0.9546 0.0454
29 33 0.6557 0.3443
30 32 0.8707 0.1293
30 33 0.8649 0.1351
31 32 0.8537 0.1463
31 33 0.7213 0.2787
32 33 0.5895 0.4105
