27 111
0 1 0.2936 0.029
0 2 0.9694 0.671
0 3 0.1441 0.501
0 4 0.6105 0.0918
0 5 0.1693 0.3751
0 6 0.7739 0.5508
0 7 0.397 0.8598
0 8 0.4178 0.4878
0 9 0.1589 0.0386
0 10 0.5614 0.6383
0 11 0.901 0.9184
0 12 0.5179 0.7596
0 13 0.1756 0.3425
1 2 0.2132 0.0894
1 3 0.5235 0.898
1 5 0.3237 0.9825
1 6 0.8174 0.0263
1 7 0.55 0.9905
1 8 0.367 0.1304
1 9 0.2248 0.0082
1 10 0.8577 0.5246
1 11 0.2345 0.4452
1 12 0.7864 0.32
1 13 0.8312 0.0256
1 14 0.1616 0.7545
2 3 0.58 0.8447
2 5 0.8921 0.6957
2 6 0.2772 0.4052
2 7 0.5917 0.2403
2 8 0.5583 0.5416
2 9 0.6558 0.4268
2 10 0.3689 0.8715
2 11 0.1905 0.9447
2 12 0.2499 0.4404
2 13 0.2609 0.0244
2 14 0.6689 0.9541
3 4 0.622 0.1121
3 5 0.9751 0.4545
3 6 0.5524 0.1905
3 7 0.927 0.0253
3 8 0.8067 0.0969
3 9 0.5844 0.0055
3 10 0.7014 0.8225
3 11 0.6201 0.666
3 13 0.549 0.3702
3 14 0.714 0.2925
4 7 0.7226 0.714
5 6 0.3578 0.8031
5 7 0.3279 0.1616
5 8 0.6924 0.2657
5 9 0.9933 0.3231
5 10 0.7897 0.4752
5 11 0.13 0.396
5 12 0.3823 0.0755
5 14 0.2865 0.7517
6 8 0.5821 0.4832
6 9 0.3448 0.5533
6 10 0.6756 0.3106
6 11 0.8028 0.4181
6 12 0.1301 0.9582
6 13 0.8128 0.5458
6 14 0.2369 0.5569
7 8 0.8972 0.1949
7 9 0.913 0.3531
7 10 0.9958 0.2183
7 11 0.9103 0.2251
7 12 0.3145 0.8099
7 13 0.3578 0.0068
7 14 0.0719 0.117
8 9 0.794 0.2646
8 10 0.058 0.9637
8 11 0.3139 0.7607
8 12 0.4232 0.8423
8 13 0.7584 0.8351
8 14 0.6849 0.845
9 10 0.8334 0.4978
9 11 0.5104 0.5395
9 12 0.3361 0.4299
9 14 0.7273 0.3039
9 15 0.5546 0.527
10 11 0.1592 0.9815
10 12 0.8582 0.0517
10 13 0.9455 0.4279
10 14 0.3277 0.963
11 12 0.351 0.1779
11 13 0.1239 0.0342
11 14 0.2669 0.9841
12 14 0.8862 0.2663
12 16 0.9676 0.5899
12 21 0.4672 0.1348
12 22 0.3555 0.9857
13 14 0.8084 0.0834
13 15 0.991 0.7066
15 16 0.3878 0.6302
15 17 0.4988 0.2682
15 18 0.9622 0.8591
15 19 0.9874 0.9441
15 20 0.8683 0.7822
16 17 0.6985 0.1317
16 21 0.0076 0.4129
16 22 0.1706 0.095
18 19 0.1008 0.2072
18 20 0.9888 0.1962
19 20 0.1145 0.1047
21 22 0.2551 0.6542
23 24 0.7532 0.2957
23 25 0.5578 0.2456
23 26 0.8283 0.5613
24 25 0.772 0.2694
24 26 0.6268 0.2064
25 26 0.0436 0.6536
