16 58
0 1 0.2914 0.7086
0 2 0.6535 0.3465
0 3 0.0806 0.9194
0 4 0.233 0.767
0 5 0.7862 0.2138
0 11 0.7793 0.2207
0 14 0.2526 0.7474
0 15 0.8724 0.1276
1 2 0.4179 0.5821
1 4 0.6172 0.3828
1 5 0.1738 0.8262
1 8 0.14 0.86
1 9 0.9259 0.0741
1 14 0.2995 0.7005
1 15 0.0061 0.9939
2 3 0.3847 0.6153
2 5 0.0727 0.9273
2 6 0.962 0.038
2 7 0.6991 0.3009
3 7 0.8171 0.1829
4 6 0.9573 0.0427
4 8 0.5202 0.4798
4 13 0.682 0.318
4 14 0.1066 0.8934
4 15 0.8496 0.1504
5 6 0.3018 0.6982
5 7 0.6022 0.3978
5 8 0.0471 0.9529
5 10 0.7108 0.2892
5 11 0.7444 0.2556
5 12 0.0768 0.9232
5 15 0.9734 0.0266
6 7 0.5526 0.4474
6 10 0.248 0.752
6 11 0.6446 0.3554
6 12 0.1232 0.8768
7 10 0.8033 0.1967
7 11 0.4839 0.5161
7 13 0.0479 0.9521
8 9 0.8052 0.1948
8 10 0.5806 0.4194
8 12 0.5864 0.4136
8 14 0.7919 0.2081
9 10 0.8227 0.1773
9 12 0.5173 0.4827
9 14 0.6126 0.3874
10 11 0.4864 0.5136
10 12 0.4031 0.5969
10 14 0.4866 0.5134
10 15 0.4346 0.5654
11 13 0.1004 0.8996
11 14 0.1165 0.8835
11 15 0.1837 0.8163
12 13 0.3708 0.6292
12 14 0.8023 0.1977
12 15 0.0134 0.9866
13 15 0.0433 0.9567
14 15 0.8027 0.1973
