49 107
0 1 0.3994 0.248
0 2 0.8071 0.587
0 3 0.4659 0.2242
0 4 0.7101 0.5146
1 2 0.1871 0.5175
2 4 0.5141 0.8306
2 30 0.1394 0.2995
2 31 0.7154 0.191
3 4 0.6749 0.407
4 26 0.4383 0.7632
5 3 0.9353 0.7955
5 4 0.3872 0.1332
5 6 0.0454 0.7637
5 7 0.8296 0.0904
5 8 0.3361 0.7899
5 9 0.043 0.0334
6 3 0.5862 0.8542
6 9 0.3386 0.355
7 4 0.526 0.7526
7 8 0.3505 0.293
7 18 0.6528 0.3248
8 9 0.1437 0.0399
10 11 0.1737 0.6154
10 12 0.9574 0.7969
10 13 0.8472 0.3219
10 14 0.9428 0.8815
11 13 0.366 0.1048
11 15 0.7643 0.7579
12 8 0.6696 0.5796
12 9 0.4122 0.1851
13 14 0.9352 0.9892
13 15 0.5296 0.4706
14 19 0.2567 0.561
15 39 0.8074 0.5937
16 8 0.7377 0.1355
16 12 0.8074 0.8241
16 14 0.4344 0.2473
16 17 0.0839 0.2551
16 18 0.0025 0.6699
16 19 0.7215 0.6852
17 7 0.2633 0.944
17 8 0.4512 0.1203
17 18 0.0009 0.5542
18 19 0.5875 0.3748
18 35 0.7139 0.4446
20 21 0.8832 0.2088
20 22 0.5915 0.6981
20 23 0.8732 0.9909
21 22 0.6493 0.0679
21 23 0.0832 0.5679
21 45 0.5855 0.3927
21 46 0.3021 0.2457
22 29 0.0512 0.4707
22 46 0.8758 0.4341
24 25 0.6303 0.5093
24 26 0.5596 0.8317
25 26 0.6702 0.8345
25 29 0.7292 0.0043
25 44 0.9608 0.7227
26 44 0.8985 0.0202
27 25 0.5655 0.1608
27 28 0.8519 0.5024
27 29 0.3645 0.8979
28 22 0.0204 0.8711
28 29 0.9066 0.3705
29 44 0.3128 0.7875
30 4 0.9572 0.9337
30 26 0.1811 0.2651
30 31 0.5716 0.8343
32 7 0.3112 0.5578
32 18 0.3899 0.8833
32 33 0.0647 0.8747
32 34 0.6991 0.5125
32 35 0.8151 0.5681
32 36 0.7854 0.43
33 7 0.4138 0.9981
33 36 0.4888 0.8981
33 40 0.2865 0.923
33 41 0.3403 0.3233
34 35 0.2898 0.1253
34 36 0.1384 0.5683
34 48 0.6113 0.5848
35 19 0.2823 0.5464
37 13 0.828 0.2085
37 14 0.2195 0.1642
37 15 0.6226 0.2163
37 19 0.6942 0.7747
37 38 0.6397 0.934
37 39 0.4132 0.8999
38 19 0.1019 0.0715
38 35 0.8654 0.3686
38 48 0.4355 0.1604
40 41 0.9006 0.8502
40 42 0.9277 0.5452
40 43 0.4961 0.3236
41 4 0.2343 0.7239
41 7 0.0406 0.012
41 26 0.7065 0.6708
41 43 0.1206 0.0532
41 44 0.0148 0.585
42 36 0.3863 0.1885
42 43 0.5814 0.4227
43 29 0.8308 0.1724
43 44 0.2396 0.0227
45 46 0.0426 0.4336
47 45 0.3271 0.3128
48 35 0.8505 0.6244
